2016  2 28    0.7  0.000E+00  2.098E+19  5.629E+18  251.6  1.408E+14  2.510E+17  0.000E+00  0.000E+00
2016  2 28    1.0  0.000E+00  2.016E+19  5.409E+18  249.6  1.353E+14  2.412E+17  0.000E+00  0.000E+00
2016  2 28    1.3  0.000E+00  1.942E+19  5.210E+18  248.7  1.303E+14  2.323E+17  0.000E+00  0.000E+00
2016  2 28    1.6  0.000E+00  1.871E+19  5.019E+18  247.7  1.256E+14  2.238E+17  0.000E+00  0.000E+00
2016  2 28    1.9  0.000E+00  1.803E+19  4.836E+18  246.6  1.210E+14  2.156E+17  0.000E+00  0.000E+00
2016  2 28    2.2  0.000E+00  1.737E+19  4.660E+18  245.5  1.166E+14  2.078E+17  0.000E+00  0.000E+00
2016  2 28    2.5  0.000E+00  1.674E+19  4.490E+18  244.3  1.123E+14  2.002E+17  0.000E+00  0.000E+00
2016  2 28    2.8  0.000E+00  1.612E+19  4.326E+18  243.1  1.082E+14  1.929E+17  0.000E+00  0.000E+00
2016  2 28    3.1  0.000E+00  1.554E+19  4.168E+18  241.9  1.043E+14  1.858E+17  0.000E+00  0.000E+00
2016  2 28    3.4  0.000E+00  1.497E+19  4.015E+18  240.6  1.004E+14  1.790E+17  0.000E+00  0.000E+00
2016  2 28    3.7  0.000E+00  1.442E+19  3.868E+18  239.3  9.675E+13  1.725E+17  0.000E+00  0.000E+00
2016  2 28    4.0  0.000E+00  1.389E+19  3.725E+18  238.0  9.319E+13  1.661E+17  0.000E+00  0.000E+00
2016  2 28    4.3  0.000E+00  1.337E+19  3.587E+18  236.7  8.974E+13  1.600E+17  0.000E+00  0.000E+00
2016  2 28    4.6  0.000E+00  1.288E+19  3.454E+18  235.4  8.640E+13  1.540E+17  0.000E+00  0.000E+00
2016  2 28    4.9  0.000E+00  1.239E+19  3.325E+18  234.1  8.317E+13  1.483E+17  0.000E+00  0.000E+00
2016  2 28    5.2  0.000E+00  1.193E+19  3.200E+18  232.8  8.005E+13  1.427E+17  0.000E+00  0.000E+00
2016  2 28    5.5  0.000E+00  1.148E+19  3.079E+18  231.5  7.702E+13  1.373E+17  0.000E+00  0.000E+00
2016  2 28    5.8  0.000E+00  1.104E+19  2.962E+18  230.2  7.408E+13  1.320E+17  0.000E+00  0.000E+00
2016  2 28    6.1  0.000E+00  1.062E+19  2.848E+18  229.0  7.124E+13  1.270E+17  0.000E+00  0.000E+00
2016  2 28    6.4  0.000E+00  1.021E+19  2.738E+18  227.7  6.848E+13  1.221E+17  0.000E+00  0.000E+00
2016  2 28    6.7  0.000E+00  9.807E+18  2.631E+18  226.5  6.581E+13  1.173E+17  0.000E+00  0.000E+00
2016  2 28    7.0  0.000E+00  9.422E+18  2.528E+18  225.3  6.323E+13  1.127E+17  0.000E+00  0.000E+00
2016  2 28    7.3  0.000E+00  9.048E+18  2.427E+18  224.2  6.072E+13  1.082E+17  0.000E+00  0.000E+00
2016  2 28    7.6  0.000E+00  8.686E+18  2.330E+18  223.1  5.829E+13  1.039E+17  0.000E+00  0.000E+00
2016  2 28    7.9  0.000E+00  8.335E+18  2.236E+18  222.0  5.594E+13  9.970E+16  0.000E+00  0.000E+00
2016  2 28    8.2  0.000E+00  7.996E+18  2.145E+18  220.9  5.366E+13  9.564E+16  0.000E+00  0.000E+00
2016  2 28    8.5  0.000E+00  7.667E+18  2.057E+18  220.0  5.145E+13  9.171E+16  0.000E+00  0.000E+00
2016  2 28    8.8  0.000E+00  7.349E+18  1.971E+18  219.0  4.932E+13  8.790E+16  0.000E+00  0.000E+00
2016  2 28    9.1  0.000E+00  7.041E+18  1.889E+18  218.1  4.725E+13  8.422E+16  0.000E+00  0.000E+00
2016  2 28    9.4  0.000E+00  6.743E+18  1.809E+18  217.3  4.525E+13  8.066E+16  0.000E+00  0.000E+00
2016  2 28    9.7  0.000E+00  6.455E+18  1.732E+18  216.5  4.332E+13  7.721E+16  0.000E+00  0.000E+00
2016  2 28   10.0  0.000E+00  6.177E+18  1.657E+18  215.8  4.145E+13  7.389E+16  0.000E+00  0.000E+00
2016  2 28   10.3  0.000E+00  5.908E+18  1.585E+18  215.2  3.965E+13  7.067E+16  0.000E+00  0.000E+00
2016  2 28   10.6  0.000E+00  5.649E+18  1.515E+18  214.6  3.791E+13  6.757E+16  0.000E+00  0.000E+00
2016  2 28   10.9  0.000E+00  5.399E+18  1.448E+18  214.0  3.623E+13  6.458E+16  0.000E+00  0.000E+00
2016  2 28   11.2  0.000E+00  5.159E+18  1.384E+18  213.5  3.462E+13  6.171E+16  0.000E+00  0.000E+00
2016  2 28   11.5  0.000E+00  4.927E+18  1.322E+18  213.1  3.307E+13  5.894E+16  0.000E+00  0.000E+00
2016  2 28   11.8  0.000E+00  4.705E+18  1.262E+18  212.7  3.157E+13  5.628E+16  0.000E+00  0.000E+00
2016  2 28   12.1  0.000E+00  4.491E+18  1.205E+18  212.3  3.014E+13  5.373E+16  0.000E+00  0.000E+00
2016  2 28   12.4  0.000E+00  4.287E+18  1.150E+18  212.0  2.877E+13  5.128E+16  0.000E+00  0.000E+00
2016  2 28   12.7  0.000E+00  4.090E+18  1.097E+18  211.7  2.745E+13  4.893E+16  0.000E+00  0.000E+00
2016  2 28   13.0  0.000E+00  3.902E+18  1.047E+18  211.4  2.619E+13  4.668E+16  0.000E+00  0.000E+00
2016  2 28   13.3  0.000E+00  3.722E+18  9.986E+17  211.2  2.498E+13  4.452E+16  0.000E+00  0.000E+00
2016  2 28   13.6  0.000E+00  3.550E+18  9.524E+17  211.0  2.382E+13  4.246E+16  0.000E+00  0.000E+00
2016  2 28   13.9  0.000E+00  3.385E+18  9.082E+17  210.8  2.272E+13  4.049E+16  0.000E+00  0.000E+00
2016  2 28   14.2  0.000E+00  3.228E+18  8.659E+17  210.6  2.166E+13  3.861E+16  0.000E+00  0.000E+00
2016  2 28   14.5  0.000E+00  3.077E+18  8.256E+17  210.4  2.065E+13  3.681E+16  0.000E+00  0.000E+00
2016  2 28   14.8  0.000E+00  2.934E+18  7.871E+17  210.2  1.969E+13  3.509E+16  0.000E+00  0.000E+00
2016  2 28   15.1  0.000E+00  2.797E+18  7.503E+17  210.0  1.877E+13  3.345E+16  0.000E+00  0.000E+00
2016  2 28   15.4  0.000E+00  2.666E+18  7.152E+17  209.9  1.789E+13  3.189E+16  0.000E+00  0.000E+00
2016  2 28   15.7  0.000E+00  2.541E+18  6.817E+17  209.7  1.705E+13  3.040E+16  0.000E+00  0.000E+00
2016  2 28   16.0  0.000E+00  2.422E+18  6.498E+17  209.6  1.625E+13  2.897E+16  0.000E+00  0.000E+00
2016  2 28   16.3  0.000E+00  2.308E+18  6.193E+17  209.4  1.549E+13  2.761E+16  0.000E+00  0.000E+00
2016  2 28   16.6  0.000E+00  2.200E+18  5.902E+17  209.3  1.476E+13  2.632E+16  0.000E+00  0.000E+00
2016  2 28   16.9  0.000E+00  2.097E+18  5.624E+17  209.1  1.407E+13  2.508E+16  0.000E+00  0.000E+00
2016  2 28   17.2  0.000E+00  1.998E+18  5.359E+17  209.0  1.341E+13  2.390E+16  0.000E+00  0.000E+00
2016  2 28   17.5  0.000E+00  1.904E+18  5.107E+17  208.9  1.277E+13  2.277E+16  0.000E+00  0.000E+00
2016  2 28   17.8  0.000E+00  1.814E+18  4.865E+17  208.8  1.217E+13  2.169E+16  0.000E+00  0.000E+00
2016  2 28   18.1  0.000E+00  1.728E+18  4.635E+17  208.7  1.159E+13  2.067E+16  0.000E+00  0.000E+00
2016  2 28   18.4  0.000E+00  1.646E+18  4.416E+17  208.6  1.105E+13  1.969E+16  0.000E+00  0.000E+00
2016  2 28   18.7  0.000E+00  1.568E+18  4.206E+17  208.5  1.052E+13  1.875E+16  0.000E+00  0.000E+00
2016  2 28   19.0  0.000E+00  1.493E+18  4.006E+17  208.5  1.002E+13  1.786E+16  0.000E+00  0.000E+00
2016  2 28   19.3  0.000E+00  1.422E+18  3.815E+17  208.5  9.544E+12  1.701E+16  0.000E+00  0.000E+00
2016  2 28   19.6  0.000E+00  1.354E+18  3.633E+17  208.4  9.089E+12  1.620E+16  0.000E+00  0.000E+00
2016  2 28   19.9  0.000E+00  1.290E+18  3.460E+17  208.4  8.654E+12  1.543E+16  0.000E+00  0.000E+00
2016  2 28   20.2  0.000E+00  1.228E+18  3.294E+17  208.5  8.240E+12  1.469E+16  0.000E+00  0.000E+00
2016  2 28   20.5  0.000E+00  1.169E+18  3.136E+17  208.5  7.845E+12  1.398E+16  0.000E+00  0.000E+00
2016  2 28   20.8  0.000E+00  1.113E+18  2.986E+17  208.5  7.469E+12  1.331E+16  0.000E+00  0.000E+00
2016  2 28   21.1  0.000E+00  1.059E+18  2.842E+17  208.6  7.110E+12  1.267E+16  0.000E+00  0.000E+00
2016  2 28   21.4  0.000E+00  1.008E+18  2.705E+17  208.7  6.767E+12  1.206E+16  0.000E+00  0.000E+00
2016  2 28   21.7  0.000E+00  9.598E+17  2.575E+17  208.8  6.441E+12  1.148E+16  0.000E+00  0.000E+00
2016  2 28   22.0  0.000E+00  9.135E+17  2.451E+17  209.0  6.130E+12  1.093E+16  0.000E+00  0.000E+00
2016  2 28   22.3  0.000E+00  8.694E+17  2.332E+17  209.1  5.834E+12  1.040E+16  0.000E+00  0.000E+00
2016  2 28   22.6  0.000E+00  8.273E+17  2.219E+17  209.3  5.552E+12  9.896E+15  0.000E+00  0.000E+00
2016  2 28   22.9  0.000E+00  7.873E+17  2.112E+17  209.5  5.283E+12  9.417E+15  0.000E+00  0.000E+00
2016  2 28   23.2  0.000E+00  7.491E+17  2.010E+17  209.7  5.027E+12  8.961E+15  0.000E+00  0.000E+00
2016  2 28   23.5  0.000E+00  7.128E+17  1.912E+17  209.9  4.783E+12  8.526E+15  0.000E+00  0.000E+00
2016  2 28   23.8  0.000E+00  6.782E+17  1.819E+17  210.2  4.551E+12  8.113E+15  0.000E+00  0.000E+00
2016  2 28   24.1  0.000E+00  6.453E+17  1.731E+17  210.5  4.330E+12  7.719E+15  0.000E+00  0.000E+00
2016  2 28   24.4  0.000E+00  6.140E+17  1.647E+17  210.8  4.120E+12  7.344E+15  0.000E+00  0.000E+00
2016  2 28   24.7  0.000E+00  5.841E+17  1.567E+17  211.1  3.920E+12  6.987E+15  0.000E+00  0.000E+00
2016  2 28   25.0  0.000E+00  5.557E+17  1.491E+17  211.4  3.729E+12  6.647E+15  0.000E+00  0.000E+00
2016  2 28   25.3  0.000E+00  5.287E+17  1.418E+17  211.8  3.548E+12  6.324E+15  0.000E+00  0.000E+00
2016  2 28   25.6  0.000E+00  5.030E+17  1.349E+17  212.2  3.375E+12  6.016E+15  0.000E+00  0.000E+00
2016  2 28   25.9  0.000E+00  4.785E+17  1.284E+17  212.6  3.211E+12  5.724E+15  0.000E+00  0.000E+00
2016  2 28   26.2  0.000E+00  4.552E+17  1.221E+17  213.0  3.055E+12  5.445E+15  0.000E+00  0.000E+00
2016  2 28   26.5  0.000E+00  4.331E+17  1.162E+17  213.4  2.906E+12  5.180E+15  0.000E+00  0.000E+00
2016  2 28   26.8  0.000E+00  4.120E+17  1.105E+17  213.9  2.765E+12  4.928E+15  0.000E+00  0.000E+00
2016  2 28   27.1  0.000E+00  3.920E+17  1.052E+17  214.4  2.630E+12  4.688E+15  0.000E+00  0.000E+00
2016  2 28   27.4  0.000E+00  3.729E+17  1.000E+17  214.9  2.502E+12  4.460E+15  0.000E+00  0.000E+00
2016  2 28   27.7  0.000E+00  3.548E+17  9.517E+16  215.5  2.381E+12  4.244E+15  0.000E+00  0.000E+00
2016  2 28   28.0  0.000E+00  3.375E+17  9.055E+16  216.0  2.265E+12  4.037E+15  0.000E+00  0.000E+00
2016  2 28   28.3  0.000E+00  3.211E+17  8.615E+16  216.6  2.155E+12  3.841E+15  0.000E+00  0.000E+00
2016  2 28   28.6  0.000E+00  3.055E+17  8.197E+16  217.3  2.050E+12  3.655E+15  0.000E+00  0.000E+00
2016  2 28   28.9  0.000E+00  2.907E+17  7.799E+16  217.9  1.951E+12  3.477E+15  0.000E+00  0.000E+00
2016  2 28   29.2  0.000E+00  2.766E+17  7.421E+16  218.6  1.856E+12  3.309E+15  0.000E+00  0.000E+00
2016  2 28   29.5  0.000E+00  2.632E+17  7.061E+16  219.3  1.766E+12  3.148E+15  0.000E+00  0.000E+00
2016  2 28   29.8  0.000E+00  2.505E+17  6.719E+16  220.0  1.681E+12  2.996E+15  0.000E+00  0.000E+00
2016  2 28   30.1  0.000E+00  2.384E+17  6.394E+16  220.7  1.600E+12  2.851E+15  0.000E+00  0.000E+00
2016  2 28   30.4  0.000E+00  2.268E+17  6.085E+16  221.5  1.522E+12  2.713E+15  0.000E+00  0.000E+00
2016  2 28   30.7  0.000E+00  2.159E+17  5.791E+16  222.3  1.449E+12  2.582E+15  0.000E+00  0.000E+00
2016  2 28   31.0  0.000E+00  2.055E+17  5.512E+16  223.2  1.379E+12  2.458E+15  0.000E+00  0.000E+00
2016  2 28   31.3  0.000E+00  1.956E+17  5.246E+16  224.1  1.312E+12  2.339E+15  0.000E+00  0.000E+00
2016  2 28   31.6  0.000E+00  1.862E+17  4.994E+16  225.0  1.249E+12  2.227E+15  0.000E+00  0.000E+00
2016  2 28   31.9  0.000E+00  1.772E+17  4.754E+16  225.9  1.189E+12  2.120E+15  0.000E+00  0.000E+00
2016  2 28   32.2  0.000E+00  1.687E+17  4.526E+16  226.9  1.132E+12  2.018E+15  0.000E+00  0.000E+00
2016  2 28   32.5  0.000E+00  1.606E+17  4.309E+16  227.9  1.078E+12  1.921E+15  0.000E+00  0.000E+00
2016  2 28   32.8  0.000E+00  1.529E+17  4.103E+16  228.9  1.026E+12  1.829E+15  0.000E+00  0.000E+00
2016  2 28   33.1  0.000E+00  1.457E+17  3.908E+16  229.9  9.777E+11  1.743E+15  0.000E+00  0.000E+00
2016  2 28   33.4  0.000E+00  1.388E+17  3.724E+16  230.8  9.315E+11  1.660E+15  0.000E+00  0.000E+00
2016  2 28   33.7  0.000E+00  1.323E+17  3.549E+16  231.8  8.878E+11  1.583E+15  0.000E+00  0.000E+00
2016  2 28   34.0  0.000E+00  1.261E+17  3.384E+16  232.7  8.464E+11  1.509E+15  0.000E+00  0.000E+00
2016  2 28   34.3  0.000E+00  1.203E+17  3.227E+16  233.6  8.071E+11  1.439E+15  0.000E+00  0.000E+00
2016  2 28   34.6  0.000E+00  1.147E+17  3.078E+16  234.5  7.699E+11  1.372E+15  0.000E+00  0.000E+00
2016  2 28   34.9  0.000E+00  1.095E+17  2.937E+16  235.4  7.346E+11  1.309E+15  0.000E+00  0.000E+00
2016  2 28   35.2  0.000E+00  1.045E+17  2.803E+16  236.3  7.011E+11  1.250E+15  0.000E+00  0.000E+00
2016  2 28   35.5  0.000E+00  9.973E+16  2.675E+16  237.1  6.692E+11  1.193E+15  0.000E+00  0.000E+00
2016  2 28   35.8  0.000E+00  9.522E+16  2.555E+16  237.9  6.390E+11  1.139E+15  0.000E+00  0.000E+00
2016  2 28   36.1  0.000E+00  9.095E+16  2.440E+16  238.7  6.103E+11  1.088E+15  0.000E+00  0.000E+00
2016  2 28   36.4  0.000E+00  8.688E+16  2.331E+16  239.5  5.830E+11  1.039E+15  0.000E+00  0.000E+00
2016  2 28   36.7  0.000E+00  8.302E+16  2.227E+16  240.3  5.571E+11  9.930E+14  0.000E+00  0.000E+00
2016  2 28   37.0  0.000E+00  7.935E+16  2.129E+16  241.0  5.325E+11  9.491E+14  0.000E+00  0.000E+00
2016  2 28   37.3  0.000E+00  7.585E+16  2.035E+16  241.7  5.090E+11  9.073E+14  0.000E+00  0.000E+00
2016  2 28   37.6  0.000E+00  7.253E+16  1.946E+16  242.4  4.867E+11  8.675E+14  0.000E+00  0.000E+00
2016  2 28   37.9  0.000E+00  6.936E+16  1.861E+16  243.1  4.655E+11  8.297E+14  0.000E+00  0.000E+00
2016  2 28   38.2  0.000E+00  6.635E+16  1.780E+16  243.8  4.453E+11  7.936E+14  0.000E+00  0.000E+00
2016  2 28   38.5  0.000E+00  6.348E+16  1.703E+16  244.4  4.260E+11  7.593E+14  0.000E+00  0.000E+00
2016  2 28   38.8  0.000E+00  6.075E+16  1.630E+16  245.0  4.077E+11  7.266E+14  0.000E+00  0.000E+00
2016  2 28   39.1  0.000E+00  5.815E+16  1.560E+16  245.6  3.902E+11  6.955E+14  0.000E+00  0.000E+00
2016  2 28   39.4  0.000E+00  5.566E+16  1.493E+16  246.2  3.735E+11  6.658E+14  0.000E+00  0.000E+00
2016  2 28   39.7  0.000E+00  5.330E+16  1.430E+16  246.8  3.577E+11  6.375E+14  0.000E+00  0.000E+00
2016  2 28   40.0  0.000E+00  5.104E+16  1.369E+16  247.3  3.425E+11  6.105E+14  0.000E+00  0.000E+00
2016  2 28   40.3  0.000E+00  4.889E+16  1.312E+16  247.9  3.281E+11  5.848E+14  0.000E+00  0.000E+00
2016  2 28   40.6  0.000E+00  4.684E+16  1.256E+16  248.4  3.143E+11  5.602E+14  0.000E+00  0.000E+00
2016  2 28   40.9  0.000E+00  4.488E+16  1.204E+16  248.8  3.012E+11  5.368E+14  0.000E+00  0.000E+00
2016  2 28   41.2  0.000E+00  4.301E+16  1.154E+16  249.3  2.886E+11  5.144E+14  0.000E+00  0.000E+00
2016  2 28   41.5  0.000E+00  4.122E+16  1.106E+16  249.8  2.766E+11  4.930E+14  0.000E+00  0.000E+00
2016  2 28   41.8  0.000E+00  3.951E+16  1.060E+16  250.2  2.652E+11  4.726E+14  0.000E+00  0.000E+00
2016  2 28   42.1  0.000E+00  3.788E+16  1.016E+16  250.6  2.542E+11  4.531E+14  0.000E+00  0.000E+00
2016  2 28   42.4  0.000E+00  3.632E+16  9.745E+15  251.0  2.438E+11  4.345E+14  0.000E+00  0.000E+00
2016  2 28   42.7  0.000E+00  3.484E+16  9.345E+15  251.4  2.338E+11  4.167E+14  0.000E+00  0.000E+00
2016  2 28   43.0  0.000E+00  3.341E+16  8.964E+15  251.8  2.242E+11  3.997E+14  0.000E+00  0.000E+00
2016  2 28   43.3  0.000E+00  3.205E+16  8.598E+15  252.1  2.151E+11  3.834E+14  0.000E+00  0.000E+00
2016  2 28   43.6  0.000E+00  3.075E+16  8.249E+15  252.4  2.063E+11  3.678E+14  0.000E+00  0.000E+00
2016  2 28   43.9  0.000E+00  2.950E+16  7.915E+15  252.7  1.980E+11  3.529E+14  0.000E+00  0.000E+00
2016  2 28   44.2  0.000E+00  2.831E+16  7.595E+15  253.0  1.900E+11  3.387E+14  0.000E+00  0.000E+00
2016  2 28   44.5  0.000E+00  2.717E+16  7.289E+15  253.3  1.823E+11  3.250E+14  0.000E+00  0.000E+00
2016  2 28   44.8  0.000E+00  2.608E+16  6.996E+15  253.6  1.750E+11  3.120E+14  0.000E+00  0.000E+00
2016  2 28   45.1  0.000E+00  2.503E+16  6.716E+15  253.8  1.680E+11  2.995E+14  0.000E+00  0.000E+00
2016  2 28   45.4  0.000E+00  2.403E+16  6.448E+15  254.1  1.613E+11  2.875E+14  0.000E+00  0.000E+00
2016  2 28   45.7  0.000E+00  2.308E+16  6.190E+15  254.3  1.549E+11  2.760E+14  0.000E+00  0.000E+00
2016  2 28   46.0  0.000E+00  2.216E+16  5.944E+15  254.5  1.487E+11  2.650E+14  0.000E+00  0.000E+00
2016  2 28   46.3  0.000E+00  2.128E+16  5.708E+15  254.7  1.428E+11  2.545E+14  0.000E+00  0.000E+00
2016  2 28   46.6  0.000E+00  2.043E+16  5.482E+15  254.9  1.371E+11  2.444E+14  0.000E+00  0.000E+00
2016  2 28   46.9  0.000E+00  1.963E+16  5.265E+15  255.0  1.317E+11  2.348E+14  0.000E+00  0.000E+00
2016  2 28   47.2  0.000E+00  1.885E+16  5.058E+15  255.2  1.265E+11  2.255E+14  0.000E+00  0.000E+00
2016  2 28   47.5  0.000E+00  1.811E+16  4.859E+15  255.3  1.215E+11  2.166E+14  0.000E+00  0.000E+00
2016  2 28   47.8  0.000E+00  1.740E+16  4.668E+15  255.4  1.168E+11  2.081E+14  0.000E+00  0.000E+00
2016  2 28   48.1  0.000E+00  1.672E+16  4.485E+15  255.5  1.122E+11  2.000E+14  0.000E+00  0.000E+00
2016  2 28   48.4  0.000E+00  1.606E+16  4.310E+15  255.6  1.078E+11  1.922E+14  0.000E+00  0.000E+00
2016  2 28   48.7  0.000E+00  1.544E+16  4.142E+15  255.7  1.036E+11  1.847E+14  0.000E+00  0.000E+00
2016  2 28   49.0  0.000E+00  1.484E+16  3.980E+15  255.7  9.957E+10  1.775E+14  0.000E+00  0.000E+00
2016  2 28   49.3  0.000E+00  1.426E+16  3.826E+15  255.7  9.570E+10  1.706E+14  0.000E+00  0.000E+00
2016  2 28   49.6  0.000E+00  1.371E+16  3.677E+15  255.7  9.198E+10  1.640E+14  0.000E+00  0.000E+00
2016  2 28   49.9  0.000E+00  1.318E+16  3.535E+15  255.7  8.842E+10  1.576E+14  0.000E+00  0.000E+00
2016  2 28   50.2  0.000E+00  1.267E+16  3.398E+15  255.7  8.500E+10  1.515E+14  0.000E+00  0.000E+00
2016  2 28   50.5  0.000E+00  1.218E+16  3.267E+15  255.7  8.172E+10  1.457E+14  0.000E+00  0.000E+00
2016  2 28   50.8  0.000E+00  1.171E+16  3.141E+15  255.6  7.857E+10  1.401E+14  0.000E+00  0.000E+00
2016  2 28   51.1  0.000E+00  1.126E+16  3.020E+15  255.5  7.555E+10  1.347E+14  0.000E+00  0.000E+00
2016  2 28   51.4  0.000E+00  1.083E+16  2.904E+15  255.4  7.265E+10  1.295E+14  0.000E+00  0.000E+00
2016  2 28   51.7  0.000E+00  1.041E+16  2.793E+15  255.3  6.986E+10  1.245E+14  0.000E+00  0.000E+00
2016  2 28   52.0  0.000E+00  1.001E+16  2.686E+15  255.1  6.719E+10  1.198E+14  0.000E+00  0.000E+00
2016  2 28   52.3  0.000E+00  9.629E+15  2.583E+15  255.0  6.462E+10  1.152E+14  0.000E+00  0.000E+00
2016  2 28   52.6  0.000E+00  9.262E+15  2.485E+15  254.8  6.215E+10  1.108E+14  0.000E+00  0.000E+00
2016  2 28   52.9  0.000E+00  8.908E+15  2.390E+15  254.6  5.978E+10  1.066E+14  0.000E+00  0.000E+00
2016  2 28   53.2  0.000E+00  8.569E+15  2.299E+15  254.4  5.750E+10  1.025E+14  0.000E+00  0.000E+00
2016  2 28   53.5  0.000E+00  8.243E+15  2.211E+15  254.2  5.532E+10  9.860E+13  0.000E+00  0.000E+00
2016  2 28   53.8  0.000E+00  7.930E+15  2.127E+15  253.9  5.321E+10  9.485E+13  0.000E+00  0.000E+00
2016  2 28   54.1  0.000E+00  7.629E+15  2.047E+15  253.6  5.119E+10  9.125E+13  0.000E+00  0.000E+00
2016  2 28   54.4  0.000E+00  7.339E+15  1.969E+15  253.3  4.925E+10  8.779E+13  0.000E+00  0.000E+00
2016  2 28   54.7  0.000E+00  7.061E+15  1.894E+15  253.0  4.738E+10  8.446E+13  0.000E+00  0.000E+00
2016  2 28   55.0  0.000E+00  6.794E+15  1.823E+15  252.7  4.559E+10  8.126E+13  0.000E+00  0.000E+00
2016  2 28   55.3  0.000E+00  6.536E+15  1.754E+15  252.3  4.386E+10  7.819E+13  0.000E+00  0.000E+00
2016  2 28   55.6  0.000E+00  6.289E+15  1.687E+15  252.0  4.221E+10  7.523E+13  0.000E+00  0.000E+00
2016  2 28   55.9  0.000E+00  6.051E+15  1.623E+15  251.6  4.061E+10  7.238E+13  0.000E+00  0.000E+00
2016  2 28   56.2  0.000E+00  5.823E+15  1.562E+15  251.2  3.907E+10  6.965E+13  0.000E+00  0.000E+00
2016  2 28   56.5  0.000E+00  5.603E+15  1.503E+15  250.8  3.760E+10  6.702E+13  0.000E+00  0.000E+00
2016  2 28   56.8  0.000E+00  5.391E+15  1.446E+15  250.3  3.618E+10  6.448E+13  0.000E+00  0.000E+00
2016  2 28   57.1  0.000E+00  5.187E+15  1.392E+15  249.9  3.481E+10  6.205E+13  0.000E+00  0.000E+00
2016  2 28   57.4  0.000E+00  4.991E+15  1.339E+15  249.4  3.349E+10  5.970E+13  0.000E+00  0.000E+00
2016  2 28   57.7  0.000E+00  4.802E+15  1.288E+15  248.9  3.223E+10  5.744E+13  0.000E+00  0.000E+00
2016  2 28   58.0  0.000E+00  4.621E+15  1.240E+15  248.4  3.101E+10  5.527E+13  0.000E+00  0.000E+00
2016  2 28   58.3  0.000E+00  4.446E+15  1.193E+15  247.9  2.983E+10  5.318E+13  0.000E+00  0.000E+00
2016  2 28   58.6  0.000E+00  4.277E+15  1.147E+15  247.4  2.870E+10  5.116E+13  0.000E+00  0.000E+00
2016  2 28   58.9  0.000E+00  4.115E+15  1.104E+15  246.9  2.761E+10  4.922E+13  0.000E+00  0.000E+00
2016  2 28   59.2  0.000E+00  3.959E+15  1.062E+15  246.3  2.657E+10  4.735E+13  0.000E+00  0.000E+00
2016  2 28   59.5  0.000E+00  3.808E+15  1.022E+15  245.8  2.556E+10  4.555E+13  0.000E+00  0.000E+00
2016  2 28   59.8  0.000E+00  3.663E+15  9.828E+14  245.2  2.458E+10  4.382E+13  0.000E+00  0.000E+00
2016  2 28   60.1  0.000E+00  3.524E+15  9.453E+14  244.7  2.365E+10  4.215E+13  0.000E+00  0.000E+00
2016  2 28   60.4  0.000E+00  3.389E+15  9.092E+14  244.1  2.274E+10  4.054E+13  0.000E+00  0.000E+00
2016  2 28   60.7  0.000E+00  3.260E+15  8.745E+14  243.5  2.188E+10  3.899E+13  0.000E+00  0.000E+00
2016  2 28   61.0  0.000E+00  3.135E+15  8.410E+14  243.0  2.104E+10  3.750E+13  0.000E+00  0.000E+00
2016  2 28   61.3  0.000E+00  3.015E+15  8.088E+14  242.4  2.023E+10  3.606E+13  0.000E+00  0.000E+00
2016  2 28   61.6  0.000E+00  2.899E+15  7.777E+14  241.8  1.945E+10  3.468E+13  0.000E+00  0.000E+00
2016  2 28   61.9  0.000E+00  2.787E+15  7.478E+14  241.2  1.871E+10  3.334E+13  0.000E+00  0.000E+00
2016  2 28   62.2  0.000E+00  2.680E+15  7.189E+14  240.6  1.798E+10  3.206E+13  0.000E+00  0.000E+00
2016  2 28   62.5  0.000E+00  2.576E+15  6.911E+14  240.0  1.729E+10  3.082E+13  0.000E+00  0.000E+00
2016  2 28   62.8  0.000E+00  2.477E+15  6.643E+14  239.4  1.663E+10  2.962E+13  0.000E+00  0.000E+00
2016  2 28   63.1  0.000E+00  2.380E+15  6.385E+14  238.8  1.599E+10  2.846E+13  0.000E+00  0.000E+00
2016  2 28   63.4  0.000E+00  2.288E+15  6.136E+14  238.2  1.537E+10  2.735E+13  0.000E+00  0.000E+00
2016  2 28   63.7  0.000E+00  2.199E+15  5.896E+14  237.6  1.478E+10  2.628E+13  0.000E+00  0.000E+00
2016  2 28   64.0  0.000E+00  2.113E+15  5.665E+14  236.9  1.421E+10  2.525E+13  0.000E+00  0.000E+00
2016  2 28   64.3  0.000E+00  2.030E+15  5.443E+14  236.3  1.366E+10  2.426E+13  0.000E+00  0.000E+00
2016  2 28   64.6  0.000E+00  1.950E+15  5.229E+14  235.7  1.313E+10  2.330E+13  0.000E+00  0.000E+00
2016  2 28   64.9  0.000E+00  1.873E+15  5.022E+14  235.1  1.261E+10  2.238E+13  0.000E+00  0.000E+00
2016  2 28   65.2  0.000E+00  1.799E+15  4.824E+14  234.5  1.212E+10  2.149E+13  0.000E+00  0.000E+00
2016  2 28   65.5  0.000E+00  1.728E+15  4.632E+14  233.9  1.165E+10  2.064E+13  0.000E+00  0.000E+00
2016  2 28   65.8  0.000E+00  1.660E+15  4.448E+14  233.3  1.119E+10  1.981E+13  0.000E+00  0.000E+00
2016  2 28   66.1  0.000E+00  1.594E+15  4.271E+14  232.7  1.075E+10  1.902E+13  0.000E+00  0.000E+00
2016  2 28   66.4  0.000E+00  1.530E+15  4.100E+14  232.1  1.032E+10  1.826E+13  0.000E+00  0.000E+00
2016  2 28   66.7  0.000E+00  1.469E+15  3.935E+14  231.6  9.914E+09  1.752E+13  0.000E+00  0.000E+00
2016  2 28   67.0  0.000E+00  1.410E+15  3.777E+14  231.0  9.520E+09  1.682E+13  0.000E+00  0.000E+00
2016  2 28   67.3  0.000E+00  1.353E+15  3.625E+14  230.4  9.141E+09  1.614E+13  0.000E+00  0.000E+00
2016  2 28   67.6  0.000E+00  1.298E+15  3.478E+14  229.8  8.775E+09  1.548E+13  0.000E+00  0.000E+00
2016  2 28   67.9  0.000E+00  1.246E+15  3.337E+14  229.3  8.423E+09  1.485E+13  0.000E+00  0.000E+00
2016  2 28   68.2  0.000E+00  1.195E+15  3.201E+14  228.7  8.085E+09  1.425E+13  0.000E+00  0.000E+00
2016  2 28   68.5  0.000E+00  1.146E+15  3.070E+14  228.2  7.758E+09  1.367E+13  0.000E+00  0.000E+00
2016  2 28   68.8  0.000E+00  1.100E+15  2.945E+14  227.6  7.445E+09  1.310E+13  0.000E+00  0.000E+00
2016  2 28   69.1  0.000E+00  1.055E+15  2.824E+14  227.1  7.142E+09  1.257E+13  0.000E+00  0.000E+00
2016  2 28   69.4  0.000E+00  1.011E+15  2.707E+14  226.6  6.852E+09  1.205E+13  0.000E+00  0.000E+00
2016  2 28   69.7  0.000E+00  9.695E+14  2.596E+14  226.0  6.572E+09  1.155E+13  0.000E+00  0.000E+00
2016  2 28   70.0  0.000E+00  9.294E+14  2.488E+14  225.5  6.303E+09  1.107E+13  0.000E+00  0.000E+00
2016  2 28   70.3  0.000E+00  8.908E+14  2.385E+14  225.0  6.044E+09  1.061E+13  0.000E+00  0.000E+00
2016  2 28   70.6  0.000E+00  8.538E+14  2.285E+14  224.5  5.795E+09  1.016E+13  0.000E+00  0.000E+00
2016  2 28   70.9  0.000E+00  8.181E+14  2.190E+14  224.1  5.555E+09  9.738E+12  0.000E+00  0.000E+00
2016  2 28   71.2  0.000E+00  7.839E+14  2.098E+14  223.6  5.325E+09  9.329E+12  0.000E+00  0.000E+00
2016  2 28   71.5  0.000E+00  7.510E+14  2.010E+14  223.1  5.103E+09  8.936E+12  0.000E+00  0.000E+00
2016  2 28   71.8  0.000E+00  7.193E+14  1.925E+14  222.7  4.890E+09  8.558E+12  0.000E+00  0.000E+00
2016  2 28   72.1  0.000E+00  6.890E+14  1.843E+14  222.2  4.686E+09  8.195E+12  0.000E+00  0.000E+00
2016  2 28   72.4  0.000E+00  6.598E+14  1.765E+14  221.8  4.489E+09  7.846E+12  0.000E+00  0.000E+00
2016  2 28   72.7  1.600E+07  6.325E+14  1.692E+14  221.4  4.306E+09  7.521E+12  2.096E+03  2.577E+04
2016  2 28   73.0  2.029E+07  6.055E+14  1.619E+14  221.1  4.124E+09  7.198E+12  2.853E+03  2.641E+04
2016  2 28   73.3  2.571E+07  5.794E+14  1.549E+14  220.7  3.949E+09  6.887E+12  4.009E+03  2.706E+04
2016  2 28   73.6  3.254E+07  5.543E+14  1.482E+14  220.5  3.781E+09  6.587E+12  5.813E+03  2.772E+04
2016  2 28   73.9  4.114E+07  5.301E+14  1.417E+14  220.2  3.619E+09  6.299E+12  8.691E+03  2.839E+04
2016  2 28   74.2  5.192E+07  5.070E+14  1.355E+14  220.1  3.463E+09  6.023E+12  1.338E+04  2.908E+04
2016  2 28   74.5  6.543E+07  4.847E+14  1.295E+14  219.9  3.314E+09  5.757E+12  2.115E+04  2.978E+04
2016  2 28   74.8  8.232E+07  4.633E+14  1.238E+14  219.8  3.170E+09  5.502E+12  3.424E+04  3.049E+04
2016  2 28   75.1  1.034E+08  4.428E+14  1.183E+14  219.7  3.032E+09  5.257E+12  5.649E+04  3.122E+04
2016  2 28   75.4  1.295E+08  4.231E+14  1.130E+14  219.7  2.900E+09  5.022E+12  9.456E+04  3.196E+04
2016  2 28   75.7  1.620E+08  4.043E+14  1.080E+14  219.7  2.774E+09  4.797E+12  1.597E+05  3.271E+04
2016  2 28   76.0  2.021E+08  3.862E+14  1.031E+14  219.7  2.652E+09  4.582E+12  2.706E+05  3.349E+04
2016  2 28   76.3  2.516E+08  3.689E+14  9.851E+13  219.7  2.536E+09  4.376E+12  4.572E+05  3.428E+04
2016  2 28   76.6  3.124E+08  3.524E+14  9.407E+13  219.8  2.425E+09  4.179E+12  7.660E+05  3.509E+04
2016  2 28   76.9  3.870E+08  3.366E+14  8.983E+13  219.8  2.319E+09  3.990E+12  1.265E+06  3.592E+04
2016  2 28   77.2  4.780E+08  3.214E+14  8.577E+13  219.9  2.217E+09  3.809E+12  2.051E+06  3.676E+04
2016  2 28   77.5  5.887E+08  3.069E+14  8.189E+13  220.1  2.120E+09  3.637E+12  3.248E+06  3.763E+04
2016  2 28   77.8  7.231E+08  2.931E+14  7.819E+13  220.2  2.027E+09  3.472E+12  5.010E+06  3.852E+04
2016  2 28   78.1  8.855E+08  2.799E+14  7.464E+13  220.3  1.938E+09  3.314E+12  7.505E+06  3.943E+04
2016  2 28   78.4  1.081E+09  2.673E+14  7.126E+13  220.5  1.853E+09  3.164E+12  1.090E+07  4.037E+04
2016  2 28   78.7  1.316E+09  2.552E+14  6.803E+13  220.6  1.772E+09  3.020E+12  1.534E+07  4.133E+04
2016  2 28   79.0  1.596E+09  2.437E+14  6.495E+13  220.8  1.695E+09  2.883E+12  2.092E+07  4.231E+04
2016  2 28   79.3  1.930E+09  2.328E+14  6.200E+13  221.0  1.621E+09  2.752E+12  2.764E+07  4.332E+04
2016  2 28   79.6  2.326E+09  2.223E+14  5.920E+13  221.1  1.551E+09  2.627E+12  3.544E+07  4.436E+04
2016  2 28   79.9  2.793E+09  2.123E+14  5.652E+13  221.3  1.484E+09  2.508E+12  4.414E+07  4.543E+04
2016  2 28   80.2  3.343E+09  2.027E+14  5.396E+13  221.5  1.420E+09  2.394E+12  5.351E+07  4.652E+04
2016  2 28   80.5  3.988E+09  1.936E+14  5.152E+13  221.6  1.358E+09  2.286E+12  6.324E+07  4.765E+04
2016  2 28   80.8  4.740E+09  1.850E+14  4.920E+13  221.8  1.300E+09  2.183E+12  7.303E+07  4.881E+04
2016  2 28   81.1  5.613E+09  1.767E+14  4.698E+13  221.9  1.244E+09  2.084E+12  8.254E+07  5.000E+04
2016  2 28   81.4  6.625E+09  1.688E+14  4.486E+13  222.0  1.191E+09  1.990E+12  9.151E+07  5.123E+04
2016  2 28   81.7  7.790E+09  1.613E+14  4.285E+13  222.2  1.141E+09  1.900E+12  9.969E+07  5.250E+04
2016  2 28   82.0  9.126E+09  1.541E+14  4.093E+13  222.3  1.093E+09  1.815E+12  1.069E+08  5.380E+04
2016  2 28   82.3  1.065E+10  1.473E+14  3.909E+13  222.4  1.047E+09  1.733E+12  1.131E+08  5.514E+04
2016  2 28   82.6  1.239E+10  1.407E+14  3.735E+13  222.4  1.003E+09  1.656E+12  1.181E+08  5.652E+04
2016  2 28   82.9  1.436E+10  1.345E+14  3.568E+13  222.5  9.608E+08  1.582E+12  1.221E+08  5.795E+04
2016  2 28   83.2  1.658E+10  1.286E+14  3.410E+13  222.5  9.210E+08  1.511E+12  1.249E+08  5.942E+04
2016  2 28   83.5  1.908E+10  1.230E+14  3.258E+13  222.5  8.830E+08  1.444E+12  1.268E+08  6.093E+04
2016  2 28   83.8  2.187E+10  1.176E+14  3.114E+13  222.5  8.468E+08  1.380E+12  1.277E+08  6.249E+04
2016  2 28   84.1  2.498E+10  1.124E+14  2.976E+13  222.4  8.122E+08  1.319E+12  1.278E+08  6.410E+04
2016  2 28   84.4  2.842E+10  1.075E+14  2.845E+13  222.3  7.793E+08  1.260E+12  1.272E+08  6.577E+04
2016  2 28   84.7  3.223E+10  1.029E+14  2.720E+13  222.2  7.479E+08  1.205E+12  1.260E+08  6.748E+04
2016  2 28   85.0  3.642E+10  9.842E+13  2.601E+13  222.0  7.179E+08  1.152E+12  1.243E+08  6.925E+04
2016  2 28   85.3  4.101E+10  9.417E+13  2.487E+13  221.8  6.894E+08  1.101E+12  1.221E+08  7.108E+04
2016  2 28   85.6  4.602E+10  9.012E+13  2.379E+13  221.5  6.621E+08  1.053E+12  1.197E+08  7.296E+04
2016  2 28   85.9  5.145E+10  8.626E+13  2.275E+13  221.3  6.362E+08  1.007E+12  1.169E+08  7.491E+04
2016  2 28   86.2  5.734E+10  8.258E+13  2.177E+13  220.9  6.114E+08  9.633E+11  1.140E+08  7.692E+04
2016  2 28   86.5  6.367E+10  7.906E+13  2.083E+13  220.5  5.878E+08  9.214E+11  1.110E+08  7.899E+04
2016  2 28   86.8  7.048E+10  7.571E+13  1.993E+13  220.1  5.652E+08  8.815E+11  1.078E+08  8.113E+04
2016  2 28   87.1  7.775E+10  7.250E+13  1.907E+13  219.6  5.437E+08  8.434E+11  1.046E+08  8.334E+04
2016  2 28   87.4  8.549E+10  6.944E+13  1.825E+13  219.1  5.231E+08  8.070E+11  1.014E+08  8.562E+04
2016  2 28   87.7  9.370E+10  6.652E+13  1.747E+13  218.5  5.035E+08  7.722E+11  9.822E+07  8.798E+04
2016  2 28   88.0  1.024E+11  6.373E+13  1.672E+13  217.9  4.848E+08  7.390E+11  9.506E+07  9.041E+04
2016  2 28   88.3  1.115E+11  6.107E+13  1.601E+13  217.2  4.669E+08  7.073E+11  9.195E+07  9.292E+04
2016  2 28   88.6  1.211E+11  5.852E+13  1.533E+13  216.5  4.498E+08  6.770E+11  8.890E+07  9.551E+04
2016  2 28   88.9  1.310E+11  5.609E+13  1.467E+13  215.7  4.335E+08  6.480E+11  8.593E+07  9.818E+04
2016  2 28   89.2  1.414E+11  5.376E+13  1.405E+13  214.8  4.179E+08  6.203E+11  8.304E+07  1.009E+05
2016  2 28   89.5  1.522E+11  5.154E+13  1.346E+13  213.9  4.030E+08  5.938E+11  8.025E+07  1.038E+05
2016  2 28   89.8  1.633E+11  4.941E+13  1.289E+13  212.9  3.887E+08  5.685E+11  7.754E+07  1.067E+05
2016  2 28   90.1  1.747E+11  4.737E+13  1.234E+13  211.9  3.751E+08  5.442E+11  7.493E+07  1.097E+05
2016  2 28   90.4  1.864E+11  4.542E+13  1.182E+13  210.8  3.621E+08  5.210E+11  7.241E+07  1.129E+05
2016  2 28   90.7  1.983E+11  4.356E+13  1.132E+13  209.7  3.496E+08  4.988E+11  6.998E+07  1.161E+05
2016  2 28   91.0  2.103E+11  4.176E+13  1.084E+13  208.5  3.376E+08  4.774E+11  6.764E+07  1.194E+05
2016  2 28   91.3  2.226E+11  4.004E+13  1.038E+13  207.3  3.261E+08  4.569E+11  6.539E+07  1.227E+05
2016  2 28   91.6  2.348E+11  3.838E+13  9.934E+12  206.1  3.151E+08  4.372E+11  6.322E+07  1.262E+05
2016  2 28   91.9  2.471E+11  3.679E+13  9.508E+12  204.8  3.045E+08  4.182E+11  6.114E+07  1.297E+05
2016  2 28   92.2  2.593E+11  3.526E+13  9.099E+12  203.6  2.943E+08  4.000E+11  5.913E+07  1.334E+05
2016  2 28   92.5  2.714E+11  3.378E+13  8.704E+12  202.3  2.844E+08  3.824E+11  5.720E+07  1.371E+05
2016  2 28   92.8  2.834E+11  3.236E+13  8.324E+12  201.0  2.750E+08  3.655E+11  5.534E+07  1.408E+05
2016  2 28   93.1  2.950E+11  3.099E+13  7.958E+12  199.7  2.658E+08  3.492E+11  5.355E+07  1.446E+05
2016  2 28   93.4  3.064E+11  2.967E+13  7.605E+12  198.5  2.570E+08  3.334E+11  5.183E+07  1.485E+05
2016  2 28   93.7  3.174E+11  2.840E+13  7.264E+12  197.2  2.485E+08  3.183E+11  5.017E+07  1.525E+05
2016  2 28   94.0  3.280E+11  2.717E+13  6.936E+12  196.0  2.404E+08  3.037E+11  4.857E+07  1.565E+05
2016  2 28   94.3  3.382E+11  2.598E+13  6.620E+12  194.8  2.325E+08  2.896E+11  4.704E+07  1.606E+05
2016  2 28   94.6  3.478E+11  2.484E+13  6.315E+12  193.6  2.248E+08  2.760E+11  4.556E+07  1.647E+05
2016  2 28   94.9  3.568E+11  2.373E+13  6.021E+12  192.4  2.175E+08  2.629E+11  4.414E+07  1.688E+05
2016  2 28   95.2  3.652E+11  2.267E+13  5.738E+12  191.3  2.104E+08  2.503E+11  4.277E+07  1.730E+05
2016  2 28   95.5  3.730E+11  2.164E+13  5.466E+12  190.2  2.035E+08  2.381E+11  4.145E+07  1.772E+05
2016  2 28   95.8  3.800E+11  2.065E+13  5.203E+12  189.1  1.969E+08  2.264E+11  4.018E+07  1.815E+05
2016  2 28   96.1  3.864E+11  1.970E+13  4.950E+12  188.1  1.905E+08  2.152E+11  3.895E+07  1.857E+05
2016  2 28   96.4  3.920E+11  1.878E+13  4.707E+12  187.1  1.844E+08  2.043E+11  3.778E+07  1.900E+05
2016  2 28   96.7  3.969E+11  1.790E+13  4.473E+12  186.2  1.784E+08  1.939E+11  3.664E+07  1.943E+05
2016  2 28   97.0  4.010E+11  1.705E+13  4.248E+12  185.4  1.727E+08  1.839E+11  3.555E+07  1.987E+05
2016  2 28   97.3  4.044E+11  1.623E+13  4.031E+12  184.6  1.672E+08  1.742E+11  3.450E+07  2.030E+05
2016  2 28   97.6  4.070E+11  1.544E+13  3.824E+12  183.8  1.619E+08  1.650E+11  3.348E+07  2.074E+05
2016  2 28   97.9  4.088E+11  1.469E+13  3.625E+12  183.1  1.567E+08  1.561E+11  3.250E+07  2.118E+05
2016  2 28   98.2  4.099E+11  1.396E+13  3.434E+12  182.5  1.518E+08  1.476E+11  3.156E+07  2.161E+05
2016  2 28   98.5  4.102E+11  1.326E+13  3.251E+12  181.9  1.470E+08  1.395E+11  3.065E+07  2.205E+05
2016  2 28   98.8  4.099E+11  1.259E+13  3.076E+12  181.4  1.425E+08  1.317E+11  2.978E+07  2.249E+05
2016  2 28   99.1  4.088E+11  1.195E+13  2.908E+12  181.0  1.380E+08  1.243E+11  2.893E+07  2.293E+05
2016  2 28   99.4  4.071E+11  1.134E+13  2.748E+12  180.7  1.338E+08  1.172E+11  2.812E+07  2.336E+05
2016  2 28   99.7  4.047E+11  1.075E+13  2.595E+12  180.4  1.297E+08  1.104E+11  2.733E+07  2.380E+05
2016  2 28  100.0  4.017E+11  1.019E+13  2.449E+12  180.2  1.258E+08  1.039E+11  2.657E+07  2.424E+05
2016  2 28  100.3  3.982E+11  9.648E+12  2.309E+12  180.1  1.220E+08  9.773E+10  2.584E+07  2.467E+05
2016  2 28  100.6  3.941E+11  9.135E+12  2.177E+12  180.1  1.183E+08  9.187E+10  2.513E+07  2.510E+05
2016  2 28  100.9  3.895E+11  8.645E+12  2.050E+12  180.2  1.148E+08  8.630E+10  2.445E+07  2.554E+05
2016  2 28  101.2  3.845E+11  8.178E+12  1.930E+12  180.3  1.115E+08  8.101E+10  2.378E+07  2.598E+05
2016  2 28  101.5  3.790E+11  7.733E+12  1.816E+12  180.5  1.082E+08  7.600E+10  2.315E+07  2.641E+05
2016  2 28  101.8  3.733E+11  7.311E+12  1.709E+12  180.8  1.051E+08  7.126E+10  2.253E+07  2.685E+05
2016  2 28  102.1  3.672E+11  6.909E+12  1.606E+12  181.2  1.022E+08  6.677E+10  2.193E+07  2.729E+05
2016  2 28  102.4  3.608E+11  6.528E+12  1.510E+12  181.7  9.932E+07  6.254E+10  2.136E+07  2.774E+05
2016  2 28  102.7  3.542E+11  6.167E+12  1.418E+12  182.2  9.659E+07  5.855E+10  2.080E+07  2.819E+05
2016  2 28  103.0  3.474E+11  5.824E+12  1.332E+12  182.8  9.397E+07  5.478E+10  2.026E+07  2.865E+05
2016  2 28  103.3  3.405E+11  5.500E+12  1.250E+12  183.5  9.146E+07  5.124E+10  1.974E+07  2.911E+05
2016  2 28  103.6  3.334E+11  5.193E+12  1.173E+12  184.2  8.906E+07  4.790E+10  1.924E+07  2.957E+05
2016  2 28  103.9  3.262E+11  4.902E+12  1.101E+12  185.0  8.676E+07  4.477E+10  1.875E+07  3.004E+05
2016  2 28  104.2  3.190E+11  4.627E+12  1.033E+12  185.9  8.455E+07  4.183E+10  1.828E+07  3.052E+05
2016  2 28  104.5  3.117E+11  4.367E+12  9.683E+11  186.9  8.244E+07  3.907E+10  1.782E+07  3.101E+05
2016  2 28  104.8  3.043E+11  4.122E+12  9.079E+11  187.9  8.041E+07  3.648E+10  1.738E+07  3.150E+05
2016  2 28  105.1  2.970E+11  3.890E+12  8.511E+11  189.0  7.846E+07  3.405E+10  1.695E+07  3.201E+05
2016  2 28  105.4  2.897E+11  3.671E+12  7.977E+11  190.2  7.659E+07  3.178E+10  1.653E+07  3.252E+05
2016  2 28  105.7  2.824E+11  3.465E+12  7.476E+11  191.4  7.480E+07  2.965E+10  1.613E+07  3.304E+05
2016  2 28  106.0  2.752E+11  3.270E+12  7.005E+11  192.8  7.308E+07  2.766E+10  1.574E+07  3.357E+05
2016  2 28  106.3  2.680E+11  3.086E+12  6.564E+11  194.2  7.142E+07  2.581E+10  1.535E+07  3.411E+05
2016  2 28  106.6  2.609E+11  2.913E+12  6.150E+11  195.6  6.983E+07  2.407E+10  1.498E+07  3.466E+05
2016  2 28  106.9  2.539E+11  2.750E+12  5.762E+11  197.2  6.830E+07  2.245E+10  1.462E+07  3.522E+05
2016  2 28  107.2  2.470E+11  2.596E+12  5.398E+11  198.8  6.682E+07  2.093E+10  1.427E+07  3.580E+05
2016  2 28  107.5  2.401E+11  2.451E+12  5.058E+11  200.5  6.540E+07  1.952E+10  1.393E+07  3.638E+05
2016  2 28  107.8  2.334E+11  2.315E+12  4.739E+11  202.3  6.404E+07  1.821E+10  1.359E+07  3.698E+05
2016  2 28  108.1  2.268E+11  2.186E+12  4.440E+11  204.2  6.272E+07  1.698E+10  1.327E+07  3.758E+05
2016  2 28  108.4  2.204E+11  2.065E+12  4.160E+11  206.1  6.145E+07  1.583E+10  1.295E+07  3.820E+05
2016  2 28  108.7  2.140E+11  1.951E+12  3.898E+11  208.2  6.022E+07  1.477E+10  1.264E+07  3.883E+05
2016  2 28  109.0  2.078E+11  1.843E+12  3.653E+11  210.3  5.903E+07  1.378E+10  1.234E+07  3.948E+05
2016  2 28  109.3  2.017E+11  1.742E+12  3.424E+11  212.5  5.788E+07  1.285E+10  1.205E+07  4.013E+05
2016  2 28  109.6  1.958E+11  1.647E+12  3.210E+11  214.8  5.678E+07  1.199E+10  1.176E+07  4.080E+05
2016  2 28  109.9  1.900E+11  1.557E+12  3.009E+11  217.2  5.570E+07  1.119E+10  1.148E+07  4.148E+05
2016  2 28  110.2  1.843E+11  1.472E+12  2.822E+11  219.7  5.466E+07  1.044E+10  1.120E+07  4.217E+05
2016  2 28  110.5  1.788E+11  1.393E+12  2.647E+11  222.2  5.366E+07  9.749E+09  1.094E+07  4.288E+05
2016  2 28  110.8  1.734E+11  1.318E+12  2.483E+11  224.9  5.268E+07  9.104E+09  1.067E+07  4.359E+05
2016  2 28  111.1  1.681E+11  1.247E+12  2.329E+11  227.7  5.174E+07  8.503E+09  1.042E+07  4.433E+05
2016  2 28  111.4  1.630E+11  1.181E+12  2.186E+11  230.5  5.082E+07  7.944E+09  1.017E+07  4.507E+05
2016  2 28  111.7  1.580E+11  1.118E+12  2.052E+11  233.5  4.993E+07  7.424E+09  9.924E+06  4.583E+05
2016  2 28  112.0  1.532E+11  1.059E+12  1.927E+11  236.5  4.907E+07  6.941E+09  9.685E+06  4.660E+05
2016  2 28  112.3  1.485E+11  1.003E+12  1.810E+11  239.7  4.823E+07  6.491E+09  9.451E+06  4.739E+05
2016  2 28  112.6  1.439E+11  9.510E+11  1.700E+11  242.9  4.742E+07  6.072E+09  9.223E+06  4.818E+05
2016  2 28  112.9  1.395E+11  9.016E+11  1.598E+11  246.3  4.663E+07  5.682E+09  9.000E+06  4.900E+05
2016  2 28  113.2  1.351E+11  8.551E+11  1.502E+11  249.7  4.586E+07  5.320E+09  8.782E+06  4.983E+05
2016  2 28  113.5  1.310E+11  8.113E+11  1.413E+11  253.3  4.512E+07  4.983E+09  8.569E+06  5.067E+05
2016  2 28  113.8  1.269E+11  7.700E+11  1.329E+11  256.9  4.439E+07  4.669E+09  8.361E+06  5.152E+05
2016  2 28  114.1  1.230E+11  7.310E+11  1.251E+11  260.7  4.369E+07  4.377E+09  8.157E+06  5.240E+05
2016  2 28  114.4  1.192E+11  6.943E+11  1.178E+11  264.6  4.300E+07  4.105E+09  7.959E+06  5.329E+05
2016  2 28  114.7  1.155E+11  6.597E+11  1.110E+11  268.5  4.234E+07  3.851E+09  7.765E+06  5.419E+05
2016  2 28  115.0  1.119E+11  6.271E+11  1.046E+11  272.6  4.170E+07  3.616E+09  7.575E+06  5.511E+05
2016  2 28  115.3  1.084E+11  5.963E+11  9.857E+10  276.7  4.107E+07  3.396E+09  7.390E+06  5.605E+05
2016  2 28  115.6  1.051E+11  5.672E+11  9.297E+10  281.0  4.047E+07  3.191E+09  7.209E+06  5.701E+05
2016  2 28  115.9  1.018E+11  5.398E+11  8.773E+10  285.4  3.988E+07  3.000E+09  7.033E+06  5.798E+05
2016  2 28  116.2  9.872E+10  5.140E+11  8.283E+10  289.8  3.931E+07  2.823E+09  6.861E+06  5.898E+05
2016  2 28  116.5  9.570E+10  4.896E+11  7.824E+10  294.4  3.876E+07  2.657E+09  6.694E+06  5.999E+05
2016  2 28  116.8  9.279E+10  4.666E+11  7.395E+10  299.0  3.822E+07  2.503E+09  6.530E+06  6.103E+05
2016  2 28  117.1  8.997E+10  4.449E+11  6.993E+10  303.7  3.771E+07  2.358E+09  6.371E+06  6.209E+05
2016  2 28  117.4  8.726E+10  4.244E+11  6.616E+10  308.5  3.721E+07  2.224E+09  6.216E+06  6.318E+05
2016  2 28  117.7  8.465E+10  4.051E+11  6.264E+10  313.4  3.673E+07  2.099E+09  6.065E+06  6.429E+05
2016  2 28  118.0  8.213E+10  3.868E+11  5.934E+10  318.3  3.626E+07  1.981E+09  5.918E+06  6.543E+05
2016  2 28  118.3  7.971E+10  3.696E+11  5.624E+10  323.3  3.582E+07  1.872E+09  5.776E+06  6.660E+05
2016  2 28  118.6  7.737E+10  3.533E+11  5.335E+10  328.3  3.539E+07  1.770E+09  5.637E+06  6.780E+05
2016  2 28  118.9  7.513E+10  3.380E+11  5.063E+10  333.4  3.498E+07  1.675E+09  5.502E+06  6.903E+05
2016  2 28  119.2  7.298E+10  3.235E+11  4.809E+10  338.5  3.458E+07  1.586E+09  5.371E+06  7.030E+05
2016  2 28  119.5  7.091E+10  3.098E+11  4.571E+10  343.6  3.421E+07  1.503E+09  5.244E+06  7.161E+05
2016  2 28  119.8  6.893E+10  2.969E+11  4.347E+10  348.7  3.385E+07  1.425E+09  5.121E+06  7.296E+05
